(368.6469, -1715.496, 29.28554, 0, 0, -50.98004) // 
(138.8135, -1717.156, 29.29169, 0, 0, -68.68303) // auto-escola Ganton
(175.3883, -1560.951, 29.25693, 0, 0, -143.2099) // 
(175.4602, -1561.066, 29.2576, 0, 0, 134.306) // Posto1
(-319.682, -1471.087, 30.54833, 0, 0, -177.0609) // Posto2
(1207.917, -1402.638, 35.22399, 0, 0, -90.54482) // Posto3
(264.9757, -1262.358, 29.29295, 0, 0, -76.69517) // Posto4
(-525.4381, -1211.399, 18.18483, 0, 0, -31.92953) // Posto5
(822.8796, -1028.737, 26.26107, 0, 0, 2.38713) // Posto6
(-724.6022, -936.2664, 19.21395, 0, 0, 87.71577) // Posto7
(-1436.105, -276.8721, 46.20714, 0, 0, -47.82986) // Posto8
(-2096.85, -318.8496, 13.16861, 0, 0, -109.0349) // Posto9
(1180.584, -330.7209, 69.31667, 0, 0, -175.1703) // Posto10
(620.4471, 268.8963, 103.0894, 0, 0, -56.80141) // Posto11
(2581.101, 361.6631, 108.4687, 0, 0, 17.24341) // Posto12
(-1800.106, 803.559, 138.6512, 0, 0, 83.74322) // Posto13
(-2554.922, 2334.027, 33.07808, 0, 0, 23.4964) // Posto14
(264.1557, 2607.493, 44.98238, 0, 0, 78.85938) // Posto15
(49.41867, 2778.793, 58.04395, 0, 0, -44.00088) // Posto16
(2004.898, 3774.284, 32.40394, 0, 0, -142.8208) // Posto17
(1700.673, 6417.258, 32.76403, 0, 0, -34.86025) // Posto18
(180.1737, 6602.895, 31.86819, 0, 0, 92.04807) // Posto19
(-94.27701, 6419.799, 31.48951, 0, 0, 42.38801) // Posto20
API.createVehicle((VehicleHash)2136773105, new Vector3(-316.5266, -1469.811, 30.4079), new Vector3(0.003260822, 0.01645519, 26.44747), 0, 0, 0); // PostoF
(-70.47794, -1760.587, 29.53403, 0, 0, -140.9298) // Posto21
API.createVehicle((VehicleHash)-566387422, new Vector3(176.0042, -1561.474, 28.57847), new Vector3(0.2214419, 0.2952235, 130.7399), 0, 0, 0); // teste
API.createVehicle((VehicleHash)2136773105, new Vector3(203.3911, -1329.017, 29.19794), new Vector3(-0.04079128, 0.1167046, -27.46819), 0, 0, 0); // teste
(-319.8253, -1471.763, 30.71606, 0, 0, 23.60835) // 
(-525.3034, -1211.254, 18.18484, 0, 0, 57.93755) // 
(-723.3134, -935.5247, 19.21393, 0, 0, -95.48737) // 
(818.7, -1028.069, 26.40432, 0, 0, -83.63919) // 1
(264.9478, -1260.342, 29.29144, 0, 0, 176.6648) // 2
(174.6462, -1561.734, 29.26136, 0, 0, -43.77633) // 3
(-319.5278, -1471.595, 30.5486, 0, 0, -153.2804) // 4
(-525.2648, -1211.738, 18.18484, 0, 0, -119.0301) // 5
(-723.2381, -936.222, 19.21384, 0, 0, 45.33267) // 6
(-1436.93, -276.5609, 46.20768, 0, 0, 40.06933) // 7
(-2096.708, -319.231, 13.16864, 0, 0, 168.2599) // 8
(620.5403, 268.4994, 103.0895, 0, 0, -10.44335) // 9
(1181.568, -330.2217, 69.31654, 0, 0, 91.08669) // 10
(1208.219, -1402.626, 35.22414, 0, 0, -59.48014) // 11
